265000 53 1 1 2022 1 1 0
240000 48 2 0 2021 3 1 0
230000 44 3 1 2020 9 0 1
255000 41 4 0 2022 3 0 0
175000 39 1 1 2020 8 1 1
285000 55 1 0 2023 3 1 0
270000 52 3 0 2021 11 1 0
285000 47 4 0 2022 2 1 1
285000 57 2 1 2020 10 0 0
205000 35 3 0 2022 1 1 0
235000 51 1 1 2020 12 1 1
250000 50 2 1 2021 3 0 0
290000 52 4 1 2021 2 0 0
220000 44 1 1 2022 15 0 0
170000 34 2 1 2020 5 0 1
270000 52 3 1 2021 2 0 1
200000 34 4 0 2021 3 1 0
230000 40 4 0 2021 2 1 0
170000 38 1 1 2020 11 1 0
185000 37 1 1 2022 6 0 0
320000 56 3 0 2023 1 0 1
220000 34 4 0 2022 9 0 1
240000 40 3 0 2023 5 0 1
285000 43 4 1 2024 8 1 0
245000 39 4 0 2022 15 1 1
280000 54 3 1 2020 2 0 1
280000 48 3 1 2023 13 0 1
225000 37 2 1 2024 9 1 1
200000 34 3 0 2022 1 1 1
330000 56 4 0 2022 13 0 0
265000 49 2 1 2022 8 0 0
215000 39 1 1 2024 7 1 0
225000 39 4 0 2021 12 0 1
250000 42 3 0 2023 8 1 0
290000 46 4 0 2023 6 1 1
190000 32 4 0 2020 13 0 0
185000 41 1 0 2021 15 1 1
235000 37 3 1 2024 15 0 0
325000 51 4 0 2024 14 0 1
260000 56 1 1 2021 10 0 0
225000 33 4 1 2023 12 0 1
245000 49 2 1 2021 15 1 0
170000 32 3 1 2020 2 1 0
310000 58 1 0 2024 7 1 0
315000 57 4 0 2020 12 1 1
235000 39 2 0 2024 13 1 1
255000 49 1 0 2023 2 0 1
315000 55 3 0 2023 4 1 0
275000 59 1 1 2021 12 0 1
180000 34 3 0 2021 9 0 1
155000 31 2 1 2020 4 1 1
270000 48 4 1 2021 2 1 0
370000 60 4 0 2024 6 0 0
215000 33 3 1 2024 9 1 0
290000 56 3 0 2021 1 0 1
315000 55 3 1 2023 14 0 0
310000 52 3 0 2024 5 0 1
245000 49 1 1 2022 14 1 1
175000 33 1 0 2023 9 1 0
260000 46 4 0 2020 12 1 1
215000 43 2 0 2020 9 1 0
275000 49 2 1 2023 11 0 1
245000 43 2 0 2023 1 1 1
180000 40 1 1 2020 5 1 1
165000 37 1 0 2021 9 0 0
345000 59 4 1 2022 11 0 0
260000 48 1 0 2024 13 1 1
240000 52 1 1 2020 5 1 1
195000 35 2 0 2022 1 1 1
165000 33 2 1 2020 14 1 0
335000 55 4 0 2023 12 0 1
205000 39 3 0 2020 5 1 0
265000 47 4 0 2020 1 1 1
130000 30 1 0 2021 6 1 0
225000 43 3 0 2020 8 0 0
315000 53 4 1 2022 3 0 0
205000 45 1 0 2021 8 1 1
200000 30 3 1 2024 11 1 0
255000 49 3 1 2021 14 0 0
225000 43 3 0 2021 11 0 1
290000 58 2 1 2020 6 1 1
255000 37 4 1 2024 10 0 0
235000 39 2 0 2024 13 0 0
220000 36 3 1 2023 3 1 1
270000 46 2 1 2024 8 0 1
340000 54 4 1 2024 10 1 0
305000 51 3 0 2024 15 1 1
305000 59 1 1 2023 3 1 1
170000 30 1 0 2024 10 1 0
220000 38 4 1 2021 11 1 1
270000 40 4 1 2024 14 0 0
210000 36 3 0 2022 14 1 0
305000 47 4 1 2024 3 0 0
210000 32 4 0 2022 4 0 1
235000 35 4 0 2023 2 1 0
175000 33 3 1 2020 1 1 0
250000 54 1 0 2021 14 1 0
330000 60 4 0 2020 15 1 0
315000 59 2 0 2022 1 0 0
340000 56 4 1 2023 11 0 0
240000 44 1 0 2024 3 0 1
265000 47 4 1 2021 14 0 0
190000 32 4 1 2020 14 0 1
250000 38 4 0 2023 12 1 1
275000 49 4 1 2020 7 1 0
230000 40 4 0 2021 7 1 1
295000 59 1 0 2022 15 1 0
250000 40 3 1 2024 3 0 1
310000 52 4 1 2022 6 1 0
195000 39 2 1 2021 8 1 0
355000 57 4 1 2024 14 1 1
170000 38 1 0 2020 12 1 0
250000 40 3 0 2024 11 0 0
190000 32 3 0 2022 15 1 1
275000 53 3 0 2020 14 1 0
270000 50 2 1 2022 10 1 1
230000 38 2 1 2024 10 0 0
280000 56 2 0 2021 7 1 0
130000 30 1 1 2021 14 0 0
275000 45 3 1 2024 14 1 1
170000 34 1 0 2022 2 1 0
260000 46 4 0 2020 14 1 0
275000 45 4 1 2022 13 1 1
155000 31 1 0 2022 7 1 1
240000 38 4 1 2022 1 0 0
345000 57 4 1 2023 9 1 1
325000 59 4 0 2021 15 1 1
200000 36 1 1 2024 15 1 0
240000 52 1 0 2021 5 0 1
305000 51 3 1 2024 15 0 1
215000 33 4 0 2022 4 1 1
300000 58 3 1 2021 14 0 0
310000 52 4 1 2022 8 1 0
205000 31 3 0 2024 13 1 0
260000 48 1 1 2024 5 0 0
230000 50 1 1 2020 9 1 0
285000 51 3 0 2022 3 0 1
290000 52 4 1 2020 9 0 0
195000 35 2 1 2022 4 1 0
300000 60 2 1 2021 15 1 1
195000 39 1 0 2022 9 0 1
280000 52 1 0 2024 2 1 1
265000 47 2 1 2023 11 1 0
175000 33 3 0 2020 5 0 1
190000 36 1 0 2023 1 0 0
245000 41 2 0 2024 8 0 0
185000 37 2 1 2021 14 0 1
200000 38 3 1 2020 12 0 0
230000 50 1 0 2020 10 1 0
260000 44 2 1 2024 4 1 0
225000 49 1 1 2021 14 0 1
185000 41 1 0 2021 7 0 1
220000 38 3 1 2022 4 1 0
250000 44 4 0 2021 6 1 0
240000 46 3 1 2021 14 1 0
280000 54 3 0 2020 3 1 1
180000 34 3 1 2020 4 0 0
210000 46 1 1 2021 4 0 0
330000 54 4 0 2023 13 1 1
290000 58 1 1 2022 15 1 0
180000 34 3 1 2021 2 0 1
155000 31 2 1 2020 2 0 1
275000 41 4 1 2024 2 1 1
195000 37 3 1 2021 4 1 0
190000 36 3 1 2021 3 0 0
240000 46 3 1 2021 3 0 0
180000 34 3 0 2021 11 0 1
230000 40 3 0 2022 2 0 1
255000 55 1 0 2020 4 0 1
195000 43 1 0 2021 8 1 1
195000 33 4 1 2020 5 0 1
225000 49 1 1 2021 2 1 0
200000 30 3 0 2024 9 0 1
320000 52 4 0 2023 9 0 1
280000 56 1 1 2022 11 0 0
270000 48 4 0 2021 7 0 0
235000 43 2 0 2022 13 1 1
285000 47 4 1 2022 2 1 1
235000 47 2 0 2021 5 1 0
210000 38 2 1 2022 6 0 0
305000 51 4 0 2022 2 1 0
310000 48 4 1 2024 3 1 1
315000 55 3 1 2023 10 1 0
280000 48 3 1 2023 11 0 1
175000 33 1 0 2023 4 0 1
230000 46 1 0 2022 9 1 1
200000 36 2 0 2022 6 1 0
215000 37 4 1 2020 6 1 1
205000 35 4 1 2020 11 1 1
325000 59 4 1 2020 14 0 0
230000 38 3 1 2023 8 0 0
230000 50 1 1 2021 5 1 0
285000 57 1 1 2022 8 1 1
150000 30 1 1 2022 14 0 1
240000 46 1 0 2023 1 0 1
285000 57 2 0 2020 1 1 1
265000 57 1 0 2021 13 0 0
290000 50 3 1 2023 6 0 1
215000 39 2 0 2022 14 1 1
180000 30 3 0 2022 14 0 0
180000 34 3 1 2021 4 1 0
320000 56 3 1 2023 15 0 1
200000 38 3 0 2021 8 1 1
260000 40 4 1 2023 12 1 1
265000 53 2 1 2020 4 1 1
215000 47 1 1 2020 9 0 0
210000 38 2 1 2022 15 0 1
195000 35 1 1 2024 11 1 0
330000 58 3 1 2023 3 1 1
255000 49 3 1 2021 11 0 1
270000 54 1 1 2022 14 0 1
325000 57 2 1 2024 2 0 0
335000 59 2 1 2024 15 1 0
250000 48 3 0 2021 8 1 1
270000 44 3 1 2024 8 1 0
190000 34 2 0 2022 6 0 0
295000 59 2 0 2020 4 1 1
300000 50 4 1 2022 10 1 0
320000 58 2 0 2023 8 1 1
165000 33 2 0 2020 6 0 0
295000 51 2 0 2024 6 1 0
270000 58 1 1 2020 4 0 1
225000 37 3 1 2023 5 1 0
285000 43 4 0 2024 1 0 0
320000 60 1 1 2024 1 1 0
185000 35 3 1 2020 4 0 1
270000 48 4 0 2020 4 0 1
355000 59 4 1 2023 11 1 0
295000 53 3 0 2022 3 1 1
250000 40 4 1 2022 1 1 1
295000 57 3 1 2020 8 0 1
215000 39 2 0 2022 2 1 1
275000 53 3 1 2021 14 1 0
300000 52 3 1 2023 4 1 1
305000 57 2 1 2022 6 0 1
225000 33 4 0 2023 5 0 1
285000 49 3 0 2023 15 0 0
205000 35 4 0 2021 8 0 0
240000 34 4 1 2024 6 1 1
250000 50 2 1 2020 11 1 1
215000 39 1 1 2024 15 1 1
315000 49 4 0 2024 13 0 1
250000 48 3 1 2020 5 0 1
245000 49 2 0 2021 11 0 0
320000 52 4 0 2023 4 0 1
170000 34 2 0 2021 9 0 0
185000 37 2 0 2021 13 1 1
280000 56 2 0 2020 1 1 0
160000 32 2 0 2021 14 0 1
190000 34 1 0 2024 4 0 0
210000 38 1 1 2024 10 1 1
295000 53 2 1 2023 12 0 0
180000 30 2 1 2023 5 0 1
255000 47 2 1 2022 4 1 0
225000 43 3 1 2021 15 1 1
320000 54 4 0 2022 4 0 0
165000 31 3 0 2021 1 1 0
345000 59 4 0 2022 8 1 1
305000 59 1 0 2023 7 0 0
255000 45 4 0 2020 14 1 1
215000 37 3 0 2022 12 0 1
260000 56 1 1 2021 1 1 1
350000 60 3 1 2024 3 0 1
210000 36 3 0 2022 2 1 1
265000 53 1 1 2022 5 0 0
140000 32 1 0 2020 5 0 1
175000 31 2 0 2022 7 0 1
170000 34 2 0 2020 13 0 1
145000 33 1 1 2020 9 0 0
215000 37 3 0 2022 15 0 0
290000 48 3 0 2024 10 0 0
305000 47 4 0 2024 14 0 0
230000 40 2 0 2023 1 1 1
370000 60 4 1 2024 8 0 0
195000 37 1 1 2023 5 0 0
265000 53 2 0 2020 2 0 1
225000 33 4 1 2023 10 0 1
195000 37 3 0 2021 6 1 0
175000 39 1 1 2020 8 1 1
255000 49 1 1 2023 9 0 1
245000 53 1 1 2021 3 0 0
240000 38 4 0 2022 3 1 1
165000 31 3 1 2021 13 0 0
280000 48 2 1 2024 8 0 0
175000 35 2 0 2021 15 0 0
225000 45 1 1 2022 1 0 0
145000 33 1 0 2021 12 1 1
265000 49 2 0 2022 3 1 1
325000 53 4 1 2023 13 1 1
290000 52 3 0 2022 13 0 0
230000 42 2 1 2022 5 0 1
300000 52 2 1 2024 14 1 1
285000 51 3 1 2022 11 1 1
280000 56 2 1 2020 5 1 1
300000 54 4 0 2020 5 1 0
285000 57 1 1 2022 7 1 0
205000 39 3 0 2021 1 0 0
255000 41 3 1 2024 14 0 0
290000 44 4 1 2024 10 0 0
160000 36 1 1 2021 13 0 1
175000 33 1 1 2023 9 1 1
310000 52 4 0 2022 9 0 1
220000 36 3 1 2023 13 0 0
190000 38 2 0 2020 4 0 1
290000 52 4 1 2021 12 1 0
260000 56 1 1 2020 2 1 0
285000 51 4 0 2021 4 1 1
165000 33 2 1 2020 2 1 0
325000 55 3 1 2024 8 0 1
180000 32 1 1 2024 8 0 0
260000 42 3 1 2024 4 0 1
285000 57 1 1 2022 10 0 1
235000 45 1 0 2023 7 1 0
365000 59 4 0 2024 15 0 0
215000 33 3 0 2024 2 1 0
245000 47 3 0 2020 13 0 1
210000 36 4 1 2020 5 0 1
225000 43 1 1 2023 9 1 0
175000 35 2 0 2021 6 0 0
325000 59 3 1 2022 3 0 0
200000 38 3 0 2021 3 0 1
280000 48 2 1 2024 10 1 0
270000 52 3 0 2020 14 0 1
270000 44 4 0 2022 7 0 0
295000 55 1 0 2024 6 0 0
255000 49 3 1 2021 8 0 0
225000 45 1 1 2022 3 0 1
235000 45 3 1 2020 14 1 1
330000 52 4 0 2024 8 1 1
245000 43 4 1 2021 7 0 1
200000 34 4 0 2021 2 1 0
310000 50 4 1 2023 5 0 1
285000 51 4 0 2020 4 1 0
305000 57 2 0 2022 2 0 0
250000 50 2 0 2021 1 0 0
265000 47 4 0 2021 10 0 0
255000 51 2 1 2020 12 1 0
210000 36 4 1 2020 1 1 1
290000 52 2 0 2023 6 0 0
285000 49 2 0 2024 4 1 0
330000 58 3 1 2023 12 0 0
170000 32 3 1 2021 6 0 1
190000 30 3 1 2023 1 1 0
330000 56 3 1 2024 13 1 0
240000 42 4 1 2020 14 1 1
245000 43 4 1 2020 5 0 1
210000 34 2 1 2024 2 0 0
295000 53 2 0 2023 11 0 0
240000 40 3 1 2023 1 0 1
235000 45 1 1 2023 12 0 0
280000 54 3 1 2020 2 1 1
265000 47 4 0 2020 9 0 1
170000 34 2 0 2021 13 0 1
280000 56 2 0 2020 14 0 1
290000 50 3 0 2023 4 1 0
200000 44 1 0 2021 2 1 0
305000 59 3 1 2021 10 0 1
330000 60 4 0 2021 14 0 1
295000 57 3 0 2020 11 0 1
240000 34 4 1 2024 10 0 1
315000 49 4 0 2024 12 1 1
155000 31 2 1 2020 2 0 1
275000 55 2 1 2020 14 0 1
255000 45 3 1 2022 3 1 0
280000 42 4 0 2024 3 0 0
255000 41 3 1 2024 10 0 0
285000 51 3 1 2022 13 0 0
235000 41 4 0 2021 12 0 1
285000 55 1 0 2023 12 0 1
200000 44 1 0 2021 13 1 0
190000 30 3 0 2023 2 1 1
210000 42 1 1 2022 9 1 0
330000 56 4 0 2022 11 0 1
305000 55 4 0 2020 14 0 0
190000 36 3 0 2020 8 1 1
210000 38 1 1 2024 7 0 0
335000 55 4 0 2023 8 0 0
175000 33 1 0 2023 1 0 1
205000 35 4 0 2021 2 1 1
190000 32 3 1 2022 2 0 1
285000 49 3 0 2023 4 1 0
220000 44 2 1 2021 1 1 1
245000 43 4 0 2021 1 0 0
315000 57 3 1 2022 14 1 1
265000 51 3 0 2021 14 0 1
330000 56 4 1 2022 5 0 1
210000 34 3 0 2023 5 1 1
185000 31 3 0 2022 11 0 0
265000 41 4 0 2023 5 0 1
225000 41 2 1 2022 15 1 1
235000 37 3 1 2024 1 0 1
240000 44 1 1 2024 2 0 0
195000 39 2 0 2020 15 0 0
220000 38 3 1 2022 2 0 0
255000 49 1 0 2023 9 0 1
230000 36 4 1 2022 6 1 1
290000 44 4 1 2024 2 0 0
210000 46 1 0 2020 15 0 0
175000 33 3 0 2020 6 1 0
235000 43 1 0 2024 13 1 0
200000 34 3 1 2022 12 0 1
280000 60 1 0 2020 11 0 0
255000 49 3 1 2021 8 1 0
270000 54 2 1 2020 5 0 1
235000 45 3 0 2020 3 0 1
275000 45 3 1 2024 11 1 1
295000 55 2 0 2022 2 1 1
265000 53 1 1 2022 13 1 1
280000 54 1 0 2023 8 1 1
165000 33 1 0 2022 11 0 0
135000 31 1 1 2021 2 1 0
245000 39 4 1 2022 4 1 0
305000 55 4 0 2020 13 1 1
320000 58 4 1 2021 13 0 1
290000 56 3 0 2020 14 1 0
180000 30 2 0 2023 5 0 0
150000 30 1 0 2022 5 0 1
275000 47 3 0 2023 9 1 1
205000 31 3 0 2024 10 0 1
325000 59 4 0 2021 12 0 1
185000 35 3 1 2020 3 1 1
210000 40 1 0 2023 9 1 0
215000 33 3 0 2024 7 0 0
220000 38 2 0 2023 10 0 0
295000 55 1 1 2024 11 1 0
205000 35 4 1 2021 14 0 0
260000 44 3 1 2023 9 1 0
295000 53 4 0 2021 2 1 0
185000 35 3 0 2020 7 0 1
320000 60 1 0 2024 5 0 0
235000 45 3 1 2021 1 1 1
275000 53 3 1 2021 11 0 1
210000 38 2 1 2022 1 0 0
315000 49 4 0 2024 1 0 1
295000 53 3 0 2022 5 1 0
245000 41 3 1 2023 5 0 0
350000 60 3 0 2024 7 1 1
280000 50 4 0 2021 12 0 1
280000 50 3 0 2022 2 0 0
275000 49 3 1 2022 6 1 1
220000 34 4 0 2022 15 0 1
315000 53 4 0 2022 14 0 0
300000 48 4 1 2023 13 0 1
315000 55 3 0 2023 8 0 1
270000 58 1 0 2020 14 1 1
165000 31 1 0 2023 2 0 1
215000 41 3 0 2020 3 1 1
250000 40 4 1 2022 5 1 0
230000 40 3 1 2022 14 0 0
210000 34 2 1 2024 11 1 0
305000 57 1 1 2024 4 0 1
170000 34 2 1 2020 12 0 0
170000 38 1 0 2021 11 0 1
200000 32 3 0 2023 5 0 1
180000 30 4 0 2021 8 0 1
220000 36 3 0 2023 4 0 1
265000 39 4 0 2024 13 0 0
275000 41 4 0 2024 2 1 0
250000 44 4 0 2021 15 1 0
295000 57 3 1 2021 14 1 1
250000 46 1 1 2024 9 1 0
240000 34 4 0 2024 6 1 0
270000 54 2 1 2020 3 1 1
180000 34 3 1 2021 10 1 1
180000 30 3 1 2022 4 1 0
280000 54 1 1 2023 13 1 0
320000 56 3 1 2023 3 1 0
220000 44 1 1 2022 3 1 0
315000 55 3 1 2023 4 0 1
250000 54 1 0 2021 4 0 0
300000 60 2 0 2021 4 0 0
250000 50 2 0 2020 10 1 0
155000 31 2 0 2020 13 1 1
205000 35 2 0 2023 13 0 0
155000 31 2 1 2020 13 0 1
240000 52 1 1 2021 12 0 0
310000 52 3 0 2024 15 1 1
305000 59 3 0 2020 9 1 0
345000 57 4 1 2023 1 1 1
315000 57 4 1 2021 9 1 0
295000 57 3 0 2020 2 0 1
200000 34 4 0 2020 7 0 1
210000 46 1 0 2021 6 0 1
235000 39 2 1 2024 6 1 1
230000 40 3 0 2022 12 1 1
220000 48 1 1 2020 1 0 0
210000 42 2 1 2021 8 1 0
330000 60 4 1 2021 6 0 0
145000 33 1 0 2020 13 1 0
360000 58 4 1 2024 3 0 1
285000 53 2 0 2022 8 0 0
290000 52 4 1 2020 14 1 0
210000 36 4 0 2021 1 0 1
265000 47 3 0 2022 11 0 1
300000 56 2 0 2022 8 1 0
240000 48 2 1 2020 2 0 1
170000 34 2 1 2020 10 0 0
280000 50 4 1 2020 11 0 1
165000 37 1 1 2021 5 0 0
270000 46 2 0 2024 3 0 1
215000 37 2 1 2023 8 0 1
195000 37 3 0 2020 3 0 0
245000 43 4 0 2020 3 0 0
215000 39 1 0 2024 1 1 1
255000 55 1 1 2021 13 0 1
285000 57 2 0 2020 3 1 1
265000 47 2 1 2023 12 1 1
315000 57 4 0 2020 13 0 1
285000 43 4 0 2024 8 0 1
255000 41 4 0 2022 5 0 1
200000 34 4 1 2021 4 1 1
270000 58 1 0 2021 12 1 1
330000 52 4 0 2024 8 0 0
190000 32 4 0 2020 2 0 1
260000 44 3 0 2023 10 1 1
260000 48 2 1 2022 14 1 0
285000 57 2 1 2021 6 1 0
190000 32 2 0 2023 1 0 0
165000 37 1 1 2021 2 0 0
235000 41 3 1 2022 15 0 1
190000 32 2 1 2023 10 0 0
280000 60 1 0 2020 10 1 1
260000 44 2 1 2024 15 1 1
310000 56 4 0 2020 9 1 1
185000 35 3 0 2021 13 1 1
240000 42 4 0 2021 11 1 1
280000 52 2 0 2022 3 1 1
335000 57 4 0 2022 2 0 0
255000 41 3 0 2024 4 1 0
310000 60 3 0 2021 12 1 0
200000 38 3 1 2020 8 1 1
280000 60 1 0 2020 4 1 1
285000 55 3 1 2021 12 0 1
300000 50 3 0 2024 5 1 0
180000 36 1 1 2022 13 0 0
200000 40 1 0 2022 3 1 0
300000 52 3 1 2023 7 0 1
305000 55 3 0 2022 1 0 1
175000 35 2 0 2020 2 0 0
290000 52 2 1 2023 14 0 1
285000 53 2 0 2022 7 1 0
220000 42 3 0 2020 11 0 0
190000 36 3 0 2021 12 1 1
230000 40 2 1 2023 15 0 1
320000 54 3 0 2024 11 1 0
325000 55 4 0 2022 7 0 1
165000 33 2 0 2020 1 1 0
305000 51 3 1 2024 9 0 0
255000 43 3 0 2023 14 1 1
145000 33 1 1 2020 2 0 0
340000 56 4 1 2023 11 1 1
215000 33 4 0 2022 11 0 1
330000 60 4 1 2021 2 1 1
245000 41 2 0 2024 4 1 0
290000 52 2 1 2023 2 0 1
190000 36 3 0 2021 14 0 0
255000 45 2 1 2023 11 0 1
255000 47 2 1 2022 11 0 0
275000 59 1 0 2020 7 1 1
155000 31 2 1 2021 15 0 0
170000 32 3 0 2021 1 0 0
200000 34 2 0 2023 4 1 0
180000 34 3 0 2021 14 0 0
290000 56 1 0 2023 6 0 0
250000 44 4 0 2020 7 1 0
165000 37 1 0 2020 9 1 0
315000 57 4 0 2021 3 1 1
315000 57 3 1 2022 8 0 0
210000 30 4 0 2023 11 1 0
320000 54 3 1 2024 8 1 1
230000 40 3 1 2022 5 1 0
255000 51 2 0 2021 9 0 1
295000 53 3 1 2022 4 1 1
245000 43 2 1 2023 5 1 1
200000 44 1 0 2020 13 0 1
255000 45 3 1 2022 10 1 0
260000 44 3 1 2023 8 0 0
360000 60 4 0 2023 5 0 1
265000 45 3 1 2023 3 0 1
285000 47 4 0 2022 10 0 0
215000 41 3 1 2020 15 0 1
210000 32 3 0 2024 4 0 1
275000 59 1 1 2021 15 1 0
150000 34 1 0 2021 5 1 0
215000 41 3 1 2020 9 1 1
270000 48 4 0 2021 3 1 1
320000 56 3 1 2023 2 1 1
280000 54 1 1 2023 7 0 0
260000 40 4 1 2023 11 0 1
240000 38 3 0 2024 5 0 1
240000 44 1 1 2024 1 1 1
190000 32 4 0 2021 6 1 1
255000 41 3 0 2024 6 1 0
255000 55 1 1 2021 4 0 0
210000 42 2 0 2020 2 1 1
240000 52 1 0 2021 13 1 1
210000 40 1 0 2023 11 0 0
210000 36 4 1 2021 10 0 0
235000 51 1 0 2021 6 1 1
310000 48 4 1 2024 7 0 1
275000 53 3 0 2021 4 1 1
195000 37 1 0 2023 1 0 1
200000 38 3 1 2021 9 1 0
220000 34 4 0 2022 4 0 1
310000 60 3 0 2021 6 1 1
210000 36 4 0 2020 13 0 0
295000 51 3 0 2023 4 0 0
275000 59 1 0 2021 1 1 0
265000 45 2 0 2024 9 1 1
280000 50 3 0 2022 8 0 0
240000 46 3 0 2020 3 0 0
170000 32 1 0 2023 13 0 1
255000 43 2 0 2024 2 0 0
280000 46 3 1 2024 8 0 0
205000 39 1 1 2023 10 1 1
305000 47 4 1 2024 15 1 1
235000 43 1 1 2024 10 1 0
210000 38 2 1 2022 14 0 0
295000 51 2 1 2024 9 0 1
305000 57 2 0 2022 14 1 0
325000 59 2 0 2023 15 1 0
285000 47 4 1 2022 4 0 0
330000 56 3 0 2024 8 0 0
280000 48 2 1 2024 5 1 1
240000 48 2 1 2020 12 0 0
265000 51 3 1 2021 5 1 1
215000 37 4 0 2021 3 1 1
295000 57 3 0 2020 13 1 1
260000 56 1 1 2021 8 0 1
285000 57 2 0 2021 13 0 0
265000 53 2 1 2021 3 1 0
230000 40 4 1 2020 15 1 0
265000 47 4 0 2020 12 1 0
280000 50 3 1 2022 6 0 0
245000 43 4 0 2021 5 1 1
365000 59 4 0 2024 7 0 1
215000 47 1 0 2021 6 0 0
330000 58 3 1 2023 6 1 0
270000 54 1 0 2022 14 0 0
180000 34 3 0 2020 13 1 0
315000 55 2 0 2024 7 1 1
185000 31 2 1 2023 6 0 0
300000 50 4 0 2022 8 0 1
245000 49 2 1 2021 3 0 0
305000 55 3 1 2022 5 0 0
230000 42 2 0 2022 6 1 1
255000 43 3 1 2023 10 1 1
235000 39 3 1 2023 14 0 1
310000 58 2 1 2022 1 0 1
195000 37 3 1 2020 12 1 1
240000 48 2 1 2020 1 0 1
330000 56 4 1 2022 13 0 1
215000 37 3 0 2022 13 1 1
310000 60 3 0 2021 6 1 1
260000 52 2 1 2021 2 1 1
200000 36 1 0 2024 6 1 1
150000 30 2 1 2021 7 0 0
205000 39 1 1 2023 13 1 0
230000 36 3 0 2024 2 1 1
250000 54 1 0 2020 6 1 1
250000 44 2 0 2023 3 1 0
195000 39 2 0 2021 4 1 1
225000 39 2 1 2023 14 0 1
190000 32 2 1 2023 8 0 1
275000 49 4 1 2020 7 0 1
260000 38 4 1 2024 13 1 1
200000 34 4 0 2020 14 1 0
160000 30 3 1 2020 12 0 1
190000 36 1 1 2023 8 1 0
235000 45 1 0 2023 15 1 0
200000 40 2 1 2021 14 0 0
240000 48 2 0 2021 9 1 0
300000 58 3 1 2020 13 1 1
310000 50 4 1 2023 3 0 1
295000 57 1 1 2023 10 0 0
300000 58 3 1 2021 11 0 1
285000 49 2 1 2024 5 1 1
220000 36 3 1 2023 5 1 1
200000 36 1 0 2024 13 1 0
320000 60 2 1 2022 8 0 0
140000 32 1 1 2021 15 1 1
190000 30 2 1 2024 15 0 1
200000 44 1 0 2021 7 1 0
275000 53 1 1 2023 3 1 1
185000 31 3 1 2022 7 0 1
265000 47 2 0 2023 8 0 0
245000 43 4 0 2021 3 1 1
330000 60 4 1 2020 9 0 0
290000 50 2 1 2024 14 0 0
300000 56 1 1 2024 7 1 1
170000 38 1 1 2021 10 1 1
315000 57 4 0 2020 13 1 0
215000 37 3 1 2022 1 1 0
295000 57 1 0 2023 3 1 0
220000 40 2 1 2022 15 0 0
295000 49 3 0 2024 10 0 0
205000 35 4 1 2020 8 1 1
190000 36 3 0 2020 11 1 1
270000 48 3 0 2022 7 1 1
280000 56 2 0 2020 10 1 1
245000 45 1 0 2024 5 1 1
255000 51 2 1 2020 10 1 0
295000 53 4 0 2020 12 0 1
300000 46 4 1 2024 6 1 0
265000 43 4 1 2022 13 0 0
345000 59 3 1 2024 10 1 1
275000 53 3 1 2020 8 0 1
215000 35 3 1 2023 13 1 1
170000 32 1 0 2023 5 0 0
220000 38 4 1 2020 13 1 0
140000 32 1 0 2021 12 0 1
210000 46 1 1 2021 2 1 1
245000 43 4 0 2020 13 0 0
315000 53 4 1 2022 13 0 0
185000 41 1 0 2021 9 1 0
205000 37 2 1 2022 6 1 1
275000 55 2 1 2021 3 1 1
245000 45 2 1 2022 12 0 1
180000 34 3 1 2020 4 1 1
220000 38 4 1 2021 11 0 1
190000 38 2 0 2021 13 0 1
200000 32 3 1 2023 11 0 0
275000 45 3 0 2024 13 1 1
310000 56 2 0 2023 3 1 0
205000 35 3 1 2022 1 1 0
310000 58 1 0 2024 13 0 0
185000 31 4 1 2021 6 1 0
255000 45 3 1 2022 2 1 1
160000 30 1 1 2023 15 0 1
335000 57 4 1 2022 13 1 0
255000 49 1 1 2023 15 0 0
215000 47 1 0 2020 4 1 0
270000 54 2 0 2020 11 1 0
155000 31 2 0 2021 11 0 0
185000 31 4 0 2020 1 0 0
230000 36 4 1 2022 10 1 0
260000 44 2 1 2024 15 0 0
270000 52 1 0 2023 8 1 0
305000 53 2 1 2024 7 1 1
310000 50 4 1 2023 10 0 0
300000 54 4 1 2020 3 0 0
160000 32 1 0 2022 14 0 0
190000 32 4 1 2020 4 0 0
270000 40 4 0 2024 13 1 0
265000 51 3 0 2021 3 1 0
300000 60 2 0 2021 7 1 0
225000 35 3 1 2024 9 1 1
205000 39 1 0 2023 10 0 0
260000 56 1 1 2021 11 1 1
265000 43 3 1 2024 14 1 1
290000 52 4 1 2021 6 1 1
240000 36 4 1 2023 3 1 1
175000 31 2 0 2022 8 0 1
240000 44 2 1 2022 4 0 0
185000 31 4 1 2021 11 0 0
200000 34 4 1 2020 7 0 0
355000 59 4 0 2023 8 0 1
295000 57 3 0 2021 3 0 0
190000 38 1 0 2022 3 0 1
185000 31 4 1 2020 11 0 0
200000 36 1 1 2024 11 1 1
320000 58 2 1 2023 6 0 0
270000 46 3 0 2023 4 0 1
275000 45 3 1 2024 13 1 1
225000 35 3 0 2024 4 0 0
235000 35 4 1 2023 11 0 0
160000 32 1 1 2022 3 0 0
340000 58 3 1 2024 12 1 1
250000 40 3 1 2024 3 1 1
255000 55 1 0 2020 9 1 1
290000 54 2 0 2022 5 0 1
275000 51 2 1 2022 13 1 0
235000 41 3 1 2022 2 1 0
235000 41 3 1 2022 13 1 0
340000 60 3 0 2023 13 1 1
160000 30 1 1 2023 9 1 1
245000 37 4 1 2023 12 0 0
245000 49 2 1 2021 3 0 0
255000 39 4 0 2023 10 0 1
255000 43 3 0 2023 14 0 0
300000 58 3 0 2020 14 0 1
190000 34 1 0 2024 5 1 0
270000 42 4 0 2023 6 0 1
210000 38 2 0 2022 1 1 1
295000 59 2 0 2021 8 0 1
270000 52 3 1 2020 4 1 1
300000 58 1 0 2023 5 1 0
225000 39 4 0 2021 10 0 1
270000 44 4 0 2022 3 1 0
280000 52 2 1 2022 12 0 0
155000 31 2 1 2021 12 0 0
315000 59 2 1 2022 10 0 1
255000 37 4 0 2024 8 1 1
160000 32 1 0 2022 10 0 1
255000 41 3 0 2024 11 0 1
305000 55 3 0 2022 11 0 1
325000 55 4 0 2022 1 0 1
190000 36 3 1 2020 1 0 0
275000 51 2 0 2022 9 1 1
305000 55 3 0 2022 7 1 1
185000 35 3 1 2020 13 0 0
230000 38 2 1 2024 6 0 1
250000 50 2 0 2020 9 1 0
290000 50 2 0 2024 9 1 0
190000 38 2 1 2021 4 0 0
245000 41 3 1 2023 10 1 0
310000 50 4 1 2023 2 1 1
245000 47 1 1 2023 1 1 0
255000 55 1 1 2020 3 0 1
235000 47 2 0 2021 7 0 0
210000 40 3 1 2020 13 1 0
205000 39 3 1 2021 14 0 1
310000 50 4 0 2023 8 0 1
190000 42 1 0 2021 13 1 1
240000 46 1 0 2023 8 1 1
170000 30 1 1 2024 3 0 0
295000 55 1 0 2024 2 0 1
210000 38 1 0 2024 12 1 0
325000 57 3 1 2023 3 1 1
250000 54 1 1 2020 15 0 0
275000 51 2 0 2022 4 0 0
305000 55 3 0 2022 15 0 0
200000 40 1 1 2022 14 1 1
200000 38 1 0 2023 14 0 0
200000 30 4 1 2022 10 1 1
245000 49 2 0 2021 5 1 1
240000 42 2 1 2023 4 1 1
270000 50 2 1 2022 4 0 0
275000 53 1 0 2023 10 0 1
230000 46 1 0 2022 15 1 1
265000 53 1 1 2022 2 1 1
240000 42 4 1 2021 2 1 1
180000 30 3 1 2022 5 1 1
290000 56 1 1 2023 13 0 0
255000 55 1 1 2021 8 1 1
230000 40 4 0 2021 7 0 0
335000 59 3 1 2023 10 0 0
250000 44 3 1 2022 11 1 1
230000 50 1 1 2021 5 0 0
255000 51 2 1 2021 14 0 1
185000 33 2 0 2022 12 0 1
245000 35 4 1 2024 4 1 1
240000 42 4 0 2021 3 1 1
185000 31 3 1 2022 10 0 0
245000 49 1 1 2022 8 1 0
195000 43 1 1 2021 14 1 1
200000 38 3 1 2021 9 1 1
205000 37 2 0 2022 5 1 0
245000 49 1 0 2022 7 1 1
265000 43 4 0 2022 12 0 0
240000 44 2 1 2022 13 1 1
190000 38 2 1 2020 11 1 0
255000 43 3 0 2023 15 1 0
225000 35 4 0 2022 14 0 0
290000 54 2 1 2022 7 1 0
260000 56 1 1 2020 5 0 0
220000 34 3 0 2024 5 1 1
340000 58 3 1 2024 3 1 0
220000 34 3 1 2024 12 0 0
270000 52 3 0 2020 11 1 1
220000 42 3 1 2021 1 1 0
255000 45 2 1 2023 7 0 1
240000 46 3 0 2021 5 1 1
220000 48 1 1 2021 9 1 0
315000 55 2 1 2024 12 0 1
160000 30 3 0 2021 12 0 0
305000 59 3 0 2021 13 0 1
170000 34 2 0 2021 9 1 0
280000 56 2 1 2021 15 1 1
315000 53 3 1 2024 14 0 1
285000 47 3 1 2024 12 1 0
310000 60 1 0 2023 12 0 1
175000 35 1 0 2022 5 1 1
285000 57 2 1 2020 3 1 1
305000 51 4 0 2022 11 1 1
305000 55 3 1 2022 11 1 1
205000 37 1 0 2024 15 1 0
295000 59 1 0 2022 12 0 0
275000 53 3 1 2021 3 0 1
250000 44 4 1 2021 13 1 1
325000 59 4 0 2021 11 0 0
245000 53 1 1 2021 3 1 1
260000 50 3 1 2021 7 0 1
215000 39 1 1 2024 8 1 1
210000 36 3 0 2022 12 1 1
185000 31 2 1 2023 15 1 0
325000 59 4 0 2021 13 0 1
295000 55 1 1 2024 4 0 1
335000 57 4 0 2022 7 1 1
330000 52 4 1 2024 11 0 0
270000 58 1 0 2020 13 0 0
300000 52 3 0 2023 1 0 0
270000 42 4 1 2023 10 0 0
295000 53 2 0 2023 7 0 1
180000 30 4 0 2021 14 0 0
205000 39 1 0 2023 2 0 1
205000 35 2 0 2023 5 0 0
285000 53 2 1 2022 3 0 0
265000 43 3 1 2024 11 0 1
260000 44 3 0 2023 8 1 0
330000 56 3 1 2024 9 0 0
175000 35 2 1 2021 9 1 1
190000 34 1 0 2024 7 0 1
205000 35 3 1 2022 14 1 1
205000 41 2 1 2020 11 0 1
205000 41 2 1 2020 10 0 0
205000 33 3 1 2023 5 0 0
275000 45 4 1 2022 5 1 0
230000 44 3 1 2020 3 0 0
255000 47 2 0 2022 5 0 0
290000 54 1 0 2024 7 1 1
305000 59 3 1 2020 14 1 0
285000 47 4 1 2022 4 0 0
220000 36 2 0 2024 10 1 1
325000 57 2 0 2024 8 1 0
245000 43 2 1 2023 6 0 1
200000 44 1 0 2021 5 0 1
195000 33 4 1 2021 4 1 1
260000 42 4 0 2022 5 0 1
270000 44 4 0 2022 10 0 0
210000 40 1 1 2023 14 0 0
235000 41 2 0 2023 8 1 1
180000 30 2 1 2023 12 1 0
275000 45 4 0 2022 10 1 0
215000 33 4 1 2022 12 0 0
320000 58 2 1 2023 4 1 0
200000 30 4 1 2022 7 1 0
195000 37 1 1 2023 14 0 1
285000 51 4 1 2020 13 1 0
275000 43 4 0 2023 8 0 1
205000 31 3 1 2024 9 0 1
205000 35 4 0 2020 5 1 1
280000 42 4 1 2024 7 0 1
275000 55 2 0 2021 8 0 1
165000 37 1 1 2021 1 1 1
235000 41 4 1 2020 15 0 0
285000 51 2 1 2023 5 1 0
200000 38 1 0 2023 13 0 0
285000 53 1 0 2024 5 1 0
235000 39 3 0 2023 7 1 0
265000 43 3 1 2024 13 0 0
325000 59 4 0 2021 7 1 1
280000 60 1 1 2021 6 0 1
275000 45 3 1 2024 11 0 0
205000 37 2 1 2022 4 1 0
330000 54 4 0 2023 3 1 1
265000 51 3 0 2021 3 1 1
185000 31 4 1 2021 4 0 0
235000 41 3 0 2022 12 1 1
255000 45 2 1 2023 8 1 0
175000 31 2 0 2022 12 1 0
280000 50 4 0 2020 12 0 1
260000 46 2 1 2023 4 1 1
250000 42 2 0 2024 7 1 1
245000 45 2 1 2022 5 1 1
190000 32 4 0 2020 12 1 1
255000 39 4 0 2023 12 1 1
330000 56 3 1 2024 7 0 0
220000 38 3 0 2022 4 1 1
310000 60 1 1 2023 7 1 1
300000 56 2 1 2022 10 0 1
265000 51 3 0 2020 4 0 1
190000 38 2 1 2020 8 1 0
165000 33 2 1 2020 6 1 0
280000 46 3 0 2024 11 1 0
210000 36 4 0 2021 1 0 0
240000 38 3 1 2024 9 0 0
160000 36 1 0 2020 8 0 1
180000 36 2 1 2021 2 0 1
200000 36 1 0 2024 10 0 0
165000 31 1 0 2023 9 0 1
210000 36 4 1 2021 3 1 0
240000 48 1 1 2022 5 0 1
250000 42 3 1 2023 15 1 1
230000 50 1 1 2021 13 0 1
255000 55 1 1 2021 15 1 0
255000 45 2 0 2023 7 1 0
205000 33 2 0 2024 8 0 1
270000 58 1 1 2021 7 1 1
310000 56 2 0 2023 14 1 1
295000 57 1 1 2023 11 1 0
265000 41 4 1 2023 11 1 1
320000 58 2 1 2023 1 1 1
275000 59 1 1 2021 12 0 0
255000 49 3 0 2020 3 0 0
225000 41 2 0 2022 9 1 0
210000 34 3 0 2023 8 0 1
245000 39 3 1 2024 11 1 1
205000 41 2 0 2021 14 1 0
275000 51 1 0 2024 10 0 0
265000 47 4 0 2020 12 1 0
230000 36 3 1 2024 6 1 1
190000 30 3 0 2023 7 0 1
280000 50 4 1 2021 6 0 0
225000 37 2 1 2024 7 0 1
300000 56 2 1 2022 12 0 1
260000 46 3 1 2022 7 1 0
290000 52 4 0 2021 14 0 1
205000 35 4 1 2020 1 1 0
230000 42 1 0 2024 12 1 0